Group	VAC	CAC	GCVC	GCCC	GCMVC	GCMCC	VAG	CAG	GCVG	GCCG	GCMVG	GCMCG
Trial1	30917.71963	4411.319717	13	11	0.420470855	2.493584847	26562.58351	7808.120002	18	17	0.677644928	2.177220636
Trial1	24915.17609	7131.096073	12	11	0.481634164	1.542539869	13552.80427	10817.52306	17	26	1.254352949	2.403507703
Trial1	22709.23968	6817.75687	6	8	0.264209638	1.173406467	16558.05403	8830.106801	12	21	0.724722844	2.37822718
Trial1	27540.7626	6076.070427	7	5	0.254168706	0.822900271	23546.05845	7684.115503	8	17	0.339759625	2.212356125
Trial1	14228.28311	5351.916768	5	8	0.351412743	1.494791557	32301.31638	6837.85873	19	11	0.588211322	1.608690737
Trial1	62682.95818	4845.609922	26	8	0.414785785	1.650978954	25345.47354	7190.561107	20	14	0.789095535	1.946996874
Trial1	44849.37735	7057.003194	22	11	0.490530779	1.558735301	23413.98705	4990.927583	29	16	1.238575896	3.205816902
Trial1	38125.8782	8446.531145	8	6	0.209831232	0.710350782	14572.48814	5809.6574	16	16	1.097959377	2.754035031
Trial1	40208.69709	6605.749171	6	3	0.149221448	0.454149851	35278.94128	9475.170214	17	30	0.481873871	3.166170034
Trial1	30261.58789	7163.577215	16	4	0.528723081	0.558380245	19480.45922	7129.220116	8	21	0.410667937	2.945623737
Trial1	31230.40715	7720.568959	9	10	0.288180681	1.295241329	24633.313	9310.984711	11	14	0.44654976	1.503600364
Trial1	40899.58185	5635.932798	20	12	0.489002554	2.129195012	25118.31235	8123.906579	12	15	0.477739103	1.846402326
Trial1	15781.06653	7443.582918	9	8	0.57030366	1.074751244	22918.95292	7853.15502	11	12	0.479952118	1.528048277
Trial1	23901.96904	9164.236651	5	22	0.209187787	2.400636391	94302.40046	14084.89752	35	16	0.371146438	1.135968506
Trial1	33950.84781	6185.982474	14	5	0.412360836	0.808279044	40214.16999	6668.976496	29	16	0.721138843	2.399168749
Trial1	45218.35323	7536.704953	21	17	0.464413197	2.255627639	53428.67834	8026.35179	19	16	0.355614262	1.993433682
Trial1	47584.58285	7451.206429	15	8	0.31522815	1.07365164	19807.20962	8540.147918	13	16	0.656326673	1.87350385
Trial1	38033.1187	6596.519246	20	10	0.525857481	1.515951008	26304.49396	11060.38196	13	18	0.49421213	1.627430234
Trial1	21354.91915	5825.239473	14	8	0.655586654	1.373334098	20034.90853	9487.757683	18	11	0.898431853	1.159388801
Trial1	60842.78823	6691.17362	23	14	0.378023438	2.092308584	64553.64315	8265.922249	17	20	0.263346872	2.419572723
Trial1	12988.41196	6557.164733	17	7	1.308859008	1.067534565	23143.36018	9084.134852	17	13	0.734551935	1.431066382
Trial1	14714.14967	6497.846616	6	4	0.40777076	0.615588554	16870.70401	9202.497361	18	19	1.066938285	2.064656935
Trial1	21787.33332	10813.74213	11	9	0.504880512	0.832274331	30590.59625	8397.950319	17	24	0.555726337	2.857840198
Trial1	9323.603678	4161.537143	12	9	1.287055994	2.162662423	23515.12271	6008.856236	13	12	0.552835729	1.997052272
Trial1	17051.29432	4119.323323	11	5	0.645112318	1.213791589	42305.68529	6552.652144	19	16	0.449112214	2.441759405
Trial1	14824.24604	9317.800833	11	8	0.74202762	0.858571689	23560.80435	9719.474906	14	28	0.594207218	2.880814064
Trial1	11216.06658	8235.337188	11	10	0.980735975	1.214279364	33984.58705	10439.36413	17	17	0.500226764	1.628451675
Trial1	9670.151003	13780.3868	4	10	0.413644006	0.725669035	28397.20424	8464.039659	17	17	0.598650482	2.008497205
Trial1	13811.37764	5937.25189	11	8	0.796444807	1.347424726	31391.54642	7492.38923	12	21	0.38226852	2.80284424
Trial1	26663.30535	13311.07984	13	15	0.487561457	1.126880778	31823.20435	10305.66142	11	16	0.345659723	1.552544698
Trial1	50660.6589	8117.122467	20	13	0.394783653	1.601552774	28042.71822	7681.76907	22	22	0.784517386	2.863923635
Trial1	14061.17362	2918.032239	5	3	0.355589095	1.028090081	25464.27702	5826.088172	24	13	0.942496816	2.231342818
Trial1	28257.55521	6550.338035	18	8	0.636997782	1.221311016	16656.63305	9449.85561	17	29	1.020614427	3.068829959
Trial1	9879.835838	3148.692523	7	4	0.708513797	1.270368564	40645.51161	7354.817423	15	25	0.369044438	3.399132645
Trial1	42122.80184	7051.75606	27	5	0.640983003	0.709043245	44493.17498	6685.545364	29	17	0.651785358	2.542799289
Trial1	33785.05347	4900.819679	17	7	0.503181089	1.428332495	40378.51976	5197.808055	27	12	0.668672358	2.308665475
Trial1	23587.12099	8014.269555	7	17	0.296772124	2.121216398	28512.75989	8481.413004	20	17	0.70144034	2.004382995
Trial1	35874.7712	6140.591611	20	7	0.557494845	1.139955308	21620.14367	7706.780476	19	11	0.878810071	1.427314562
Trial1	42887.90034	5801.334962	12	5	0.279799195	0.861870592	33497.41933	10133.46764	26	17	0.776179196	1.677609344
Trial1	41567.71663	5106.650912	18	10	0.433028356	1.958230584	23585.11177	7261.802993	24	21	1.017591107	2.891843805
Trial2	12417.65899	12417.65899	11	30	0.885835245	2.415914306	47429.4502	19812.73311	6	28	0.12650368	1.413232584
Trial2	31225.29562	13400	14	28	0.448354442	2.089552239	85542.78139	16045.37639	9	22	0.105210514	1.371111494
Trial2	29280.93874	10505.98914	15	21	0.512278658	1.998859862	29575.44258	12373.40585	9	20	0.30430652	1.616369838
Trial2	29554.23813	10913.9273	4	10	0.135344379	0.916260455	19302.97531	6348.481943	9	14	0.466249366	2.205251606
Trial2	60516.80573	12274.55734	9	9	0.148719019	0.733223997	35213.55567	10726.33707	7	11	0.198787083	1.025513177
Trial2	19505.32028	11336.61175	7	14	0.358876445	1.234936885	46036.80286	12407.72125	6	22	0.13033051	1.773089479
Trial2	19087.97027	9515.390269	11	11	0.576279188	1.156021949	25291.39928	5847.168598	15	18	0.593086995	3.07841303
Trial2	35547.22139	14777.13637	16	33	0.450105504	2.233179634	18634.27678	10788.26897	7	29	0.375651821	2.688105022
Trial2	33005.78859	10467.39301	6	8	0.181786294	0.764278172	23663.88976	14131.70282	11	18	0.464843274	1.273731852
Trial2	29633.74471	12565.00226	7	16	0.236217193	1.273378203	43917.55175	16382.47463	8	25	0.182159517	1.526020981
Trial2	19653.62836	21884.17883	14	22	0.712336661	1.005292461	23575.04764	8243.209741	13	24	0.551430487	2.911487243
Trial2	18210.52637	13837.17117	7	24	0.384393062	1.734458561	34213.07406	11767.93542	12	21	0.35074311	1.784510133
Trial2	52090.92829	11286.44285	8	13	0.153577605	1.151824377	19143.67555	10006.2209	9	13	0.470129154	1.299191786
Trial2	34023.21623	11624.86566	8	17	0.235133561	1.46238249	16964.21165	9545.266067	8	18	0.471581006	1.885751521
Trial2	36234.89609	16174.08248	8	13	0.220781646	0.803755021	51438.12396	11549.86184	14	18	0.272171668	1.558460201
Trial2	29805.33681	14096.58265	15	15	0.503265576	1.064087685	39613.07475	11747.37363	11	16	0.277686094	1.362006564
Trial2	23713.20685	10600.31215	3	11	0.12651178	1.03770529	40637.45456	9988.163873	10	11	0.246078405	1.101303517
Trial2	32989.22082	15505.56699	12	7	0.363755181	0.45145076	10236.22335	10945.52272	8	18	0.781538242	1.644508029
Trial2	39141.85155	10608.96846	8	9	0.204384813	0.848338841	57204.52745	12908.6446	18	22	0.314660409	1.704284275
Trial2	34779.56534	13666.1249	8	13	0.230020126	0.951257221	34295.04972	13204.74095	11	29	0.320746	2.19618091
Trial2	32697.56125	7648.803372	4	10	0.122333283	1.307394048	22910.85735	8332.21554	5	6	0.218237141	0.72009659
Trial2	25449.40023	10839.1883	6	16	0.235761941	1.476125292	28394.80981	14246.15911	10	12	0.352177037	0.842332302
Trial2	42729.08732	13591.68275	11	15	0.257435875	1.103616107	30798.82664	13323.361	12	25	0.389625233	1.876403409
Trial2	43290.02366	8474.660917	11	7	0.254100115	0.82599175	37276.80072	10185.18273	13	16	0.348742375	1.570909469
Trial2	8474.660917	11161.48816	7	17	0.82599175	1.52309439	20774.51922	14585.04734	9	21	0.433223022	1.439830774
Trial2	39992.38189	13687.77216	6	11	0.150028573	0.803636989	26630.63131	23553.55477	5	14	0.187753716	0.59439011
Trial2	31712.73839	13543.54407	3	11	0.09459921	0.812195091	21063.52138	9509.134729	9	14	0.427278983	1.47226855
Trial2	38933.9327	14078.78124	5	19	0.128422681	1.349548635	46935.02098	12928.14329	16	15	0.340896833	1.160259417
Trial2	43002.21058	11612.9139	8	19	0.186036948	1.636109608	33837.25712	33837.25712	12	18	0.354638674	0.531958011
Trial2	30651.48002	8240.147129	11	13	0.358873372	1.577641733	58038.79672	12737.77571	13	17	0.223988103	1.334612918
Trial2	70693.2451	15610.79065	16	14	0.226329969	0.896815563	43833.59264	11992.59625	10	12	0.228135533	1.00061736
Trial2	38947.88356	12060.55623	17	3	0.436480713	0.248744746	34803.61284	11155.87125	16	10	0.459722388	0.896388976
Trial2	47588.43732	15906.79571	11	14	0.231148586	0.880126976	41737.11123	12174.93141	17	9	0.407311371	0.739223877
Trial2	21846.16604	9880.633279	13	12	0.59507009	1.214497053	31201.58232	8896.179737	9	5	0.28844691	0.562039004
Trial2	17620.07147	13916.4097	13	16	0.737794964	1.149721828	13151.01975	9170.619696	8	9	0.608317845	0.981394965
Trial2	36388.27994	10513.91682	13	12	0.357257887	1.141344392	30392.11566	9665.581006	5	12	0.164516352	1.241518745
Trial2	47548.1588	9487.581484	9	13	0.189281777	1.370212211	38726.01828	12668.30318	12	13	0.309869192	1.026183209
Trial2	55699.05906	10245.61527	21	16	0.377026118	1.561643648	21066.59249	13183.11417	5	9	0.237342608	0.682691501
Trial2	20924.46592	12755.4705	12	15	0.57349134	1.17596603	24016.50535	11914.68601	10	13	0.416380312	1.09109044
Trial2	30599.18164	7859.758435	7	8	0.228764288	1.017842987	42078.77803	8135.245797	16	9	0.380239179	1.106297243
Trial2	49365.52066	15050.09985	14	17	0.283598751	1.129560612						
Trial2	51514.56975	14328.18907	11	6	0.213531823	0.418754943						
Trial2	62561.16853	14037.75839	12	19	0.191812274	1.35349245						
Trial2	53011.98765	22677.14266	14	26	0.264091211	1.146528925						
Trial2	23516.48429	18037.62812	11	15	0.467756994	0.831594925						
Trial2	20463.93994	13104.42047	9	15	0.439798007	1.144651916						
Trial2	41517.543	8785.408542	15	6	0.361293056	0.682950596						
Trial2	35780.89596	10240.81117	18	16	0.503061746	1.562376236						
Trial2	57609.63209	18780.72459	15	13	0.260373126	0.692199065						
Trial2	39261.28227	9881.094125	9	12	0.229233471	1.21444041						
Trial3	44155.00432	14936.29807	15	15	0.339712344	1.004264908	61719.53255	17105.99747	16	18	0.259237219	1.05226252
Trial3	50386.11183	13073.97162	8	19	0.15877391	1.453269179	52365.13837	11041.39193	30	16	0.572900233	1.44909266
Trial3	26433.31657	8300.176307	11	5	0.4161415	0.602396843	52345.17565	11960.56831	19	14	0.362975189	1.170512942
Trial3	52209.64554	11529.37127	11	7	0.210689038	0.60714499	41985.05899	9483.848921	13	17	0.309633958	1.792521174
Trial3	16680.40147	11983.18767	7	10	0.419654168	0.834502494	53439.12267	7939.058192	19	24	0.355544759	3.023028604
Trial3	28557.23172	14196.32437	6	8	0.210104399	0.563526149	29187.70638	12383.10585	12	13	0.411131997	1.049817401
Trial3	40220.51079	27314.44126	14	29	0.348081109	1.061709435	57088.93938	20723.67602	19	28	0.33281403	1.351111645
Trial3	33765.62564	13573.71703	13	17	0.385006934	1.252420392	50776.86588	6278.894754	16	13	0.315104127	2.070428078
Trial3	46881.37869	15200.59225	8	19	0.170643446	1.249951297	43362.3632	8247.672648	22	19	0.507352422	2.303680179
Trial3	24020.10305	9710.526086	8	8	0.333054358	0.823848258	36454.34875	8954.490785	18	20	0.49376825	2.233516174
Trial3	36342.67045	13093.07189	8	7	0.220126917	0.534633893	66258.79565	14787.6941	45	37	0.679155115	2.50208043
Trial3	69958.27099	13605.14437	23	14	0.328767416	1.029022524	45796.46937	12028.11654	29	29	0.633236588	2.411017544
Trial3	35592.07434	7084.782215	14	8	0.393345998	1.129180793	71767.77081	8574.32862	43	26	0.599154739	3.032307385
Trial3	25588.53616	11561.70916	12	8	0.468960003	0.691939218	44231.39313	12717.3004	23	37	0.519992665	2.909422505
Trial3	42462.03255	7832.992554	12	7	0.282605407	0.893655899	75381.74683	16228.18778	29	32	0.384708517	1.971877602
Trial3	50333.16725	7407.401723	12	6	0.238411383	0.810000622	117493.5384	10050.52761	37	27	0.314910935	2.686426131
Trial3	28383.08084	12546.66321	9	8	0.317090313	0.637619729	70435.14906	17652.73918	31	26	0.440121167	1.472859239
Trial3	22813.40581	14883.45861	8	13	0.350671008	0.873452894	50408.55146	13287.21477	24	26	0.476109694	1.95676825
Trial3	30465.70992	9214.85206	3	8	0.098471364	0.868163694	84456.63254	10964.49261	23	24	0.272329115	2.188883777
Trial3	46399.41423	10748.67899	19	16	0.409487928	1.488555014	54084.64545	10449.08692	30	27	0.554686081	2.583957833
Trial3	42995.83764	12570.90221	8	5	0.186064522	0.397743926	92314.20372	16607.33272	32	25	0.346642214	1.505359134
Trial3	42993.05631	6906.450384	9	5	0.209336129	0.723960895	37078.46432	15278.4322	15	28	0.404547499	1.832648771
Trial3	54355.02902	17709.17116	16	19	0.294360987	1.072890415	79393.6326	13246.4587	30	19	0.377864056	1.434345619
Trial3	63513.42147	20532.74432	11	10	0.17319174	0.487026958	72560.55126	16366.2212	19	22	0.261850271	1.344232107
Trial3	68164.49441	11760.35343	9	9	0.132033547	0.765283123	68671.22283	13345.20884	14	16	0.203869968	1.198932156
Trial3	53896.99681	13659.90156	12	13	0.222646914	0.951690606	51494.22464	22575.49668	19	11	0.368973417	0.487253953
Trial3	37287.74647	6469.965966	9	5	0.241366155	0.772801592	88759.78568	17023.80731	35	24	0.394322719	1.409790393
Trial3	38336.26027	17363.0553	8	7	0.208679718	0.403154853	46377.70891	20578.77074	28	13	0.603738319	0.631718977
Trial3	35781.73982	13408.76339	10	8	0.279472157	0.596624742	70596.0473	25450.75902	28	28	0.396622772	1.100163652
Trial3	27419.02694	11256.78983	7	16	0.255297171	1.421364371	44489.77536	16897.52046	24	18	0.539449791	1.065245048
Trial3	29812.29021	11357.66873	7	11	0.234802491	0.968508614	38291.74648	9219.414962	17	18	0.443959902	1.952401543
Trial3	48593.73576	15309.11127	15	25	0.308681763	1.633014456	58060.69564	10438.88721	12	15	0.206680266	1.436934771
Trial3	40395.13716	13142.22419	6	14	0.14853273	1.065268694	44942.12862	7333.092029	24	19	0.5340201	2.590994348
Trial3	28850.77433	18279.16109	7	16	0.242627803	0.875313693	16456.51821	7710.928028	7	15	0.425363367	1.945291143
Trial3	36068.6473	7714.518164	10	4	0.2772491	0.518502895	69816.15736	7371.548738	21	15	0.300789972	2.034850549
Trial3	29684.41249	13618.04219	14	14	0.471627997	1.028047924	48854.73529	8280.415326	16	18	0.327501519	2.173804005
Trial3	45605.97047	14747.46834	10	15	0.219269536	1.017123729	52893.76273	18337.47967	7	28	0.132340746	1.526927392
Trial3	26552.92635	14650.60818	7	7	0.263624427	0.477795865	47898.7228	10283.63513	20	14	0.417547668	1.361386302
Trial3	25512.6905	13547.43526	16	13	0.627138874	0.959591225	28297.01316	7392.391822	13	20	0.459412445	2.705484298
Trial3	33681.54103	15212.20518	10	12	0.296898529	0.788840267	50618.36511	11803.04261	18	20	0.355602161	1.694478336
Trial4	52820.51597	19556.98812	8	28	0.151456302	1.4317133	41271.49388	14646.45519	11	19	0.266527789	1.297242217
Trial4	49414.27526	22693.3627	3	28	0.060711201	1.233840942	29768.06744	10388.11546	8	16	0.268744352	1.540221618
Trial4	57446.59134	8764.071259	2	4	0.034814946	0.456408886	31874.24025	9207.507696	20	22	0.627465936	2.389354506
Trial4	29078.32852	18159.94244	1	13	0.034389872	0.7158613	42934.3947	9854.633493	14	12	0.326078895	1.217701298
Trial4	26030.80189	15486.95851	9	20	0.345744247	1.291409155	35834.99055	9184.319069	12	14	0.334868234	1.524337286
Trial4	23446.11638	9652.425622	1	14	0.042650987	1.450412627	50147.70767	10980.06235	25	19	0.498527274	1.730409118
Trial4	39370.75284	20087.38626	6	22	0.152397391	1.095214664	27735.22401	12901.10821	9	11	0.324497109	0.85263993
Trial4	37134.06106	9760.468366	3	14	0.080788363	1.434357397	50763.35818	10738.08439	13	15	0.256090229	1.396897199
Trial4	29987.63638	16288.87886	6	23	0.200082458	1.412006326	24676.36543	17362.96426	6	24	0.243147639	1.382252457
Trial4	30170.34495	19034.31073	2	25	0.06629026	1.313417667	33921.66152	8528.443215	6	13	0.176878128	1.524311023
Trial4	20340.80386	12429.50495	5	20	0.245811328	1.609074543	39986.35645	15011.23106	8	25	0.200068241	1.665419705
Trial4	15321.58156	13221.06324	7	14	0.456871895	1.058916348	41115.63808	16967.43582	18	19	0.43778963	1.119792065
Trial4	32661.1339	12172.08574	4	20	0.122469722	1.643103773	12819.95357	10446.55343	18	14	1.404061247	1.340154922
Trial4	17392.57413	10265.30922	3	9	0.172487406	0.876739298	43217.7886	17877.88878	11	17	0.254524823	0.950895277
Trial4	21404.5972	15446.72486	2	33	0.093437871	2.136375205	38855.44777	16312.61935	6	17	0.154418501	1.042137969
Trial4	15655.87111	15422.61435	1	28	0.063873801	1.815515798	35512.26096	13148.60934	14	17	0.394230038	1.292912396
Trial4	15725.44102	17410.13287	5	25	0.317956107	1.435945388	45090.15869	25363.22671	20	37	0.443555769	1.458804923
Trial4	12741.48306	15862.30233	1	19	0.078483799	1.197808465	36521.15452	20318.76942	15	31	0.41072086	1.525682947
Trial4	10068.01286	15479.9883	8	35	0.794595728	2.260983621	34904.29541	18759.58056	15	36	0.429746535	1.919019452
Trial4	13036.62998	10330.35566	4	20	0.306827762	1.936041764	30740.25214	22335.71946	12	28	0.39036765	1.253597407
Trial4	20803.48894	19800.6812	2	18	0.09613772	0.909059634	42831.9744	17120.789	14	20	0.326858619	1.168170462
Trial4	34680.82793	25673.27023	5	44	0.144171875	1.713844773	34723.596	16963.48315	16	20	0.460781769	1.179003146
Trial4	23881.1248	13413.37403	7	20	0.293118522	1.491049154	31500.18195	16595.59044	10	20	0.317458484	1.205139406
Trial4	15501.93515	7340.034472	9	12	0.580572678	1.634869706	40985.96193	19050.45297	10	36	0.243985978	1.889718846
Trial4	21211.88953	10716.28866	1	12	0.047143372	1.119790665	59390.7164	14911.2645	15	29	0.252564726	1.944838413
Trial4	14427.864	13903.05878	2	22	0.138620658	1.582385599	30813.95321	13044.49743	19	15	0.616603779	1.14991015
Trial4	32505.5477	21292.52333	7	29	0.215347856	1.361980426	53458.35028	19307.53056	13	13	0.24317997	0.673312414
Trial4	32107.78837	14611.89245	6	35	0.186870548	2.395309172	23713.89083	19742.92622	11	21	0.463863146	1.06367211
Trial4	19168.97149	20024.20783	3	25	0.156502919	1.24848884	40307.70437	33551.33109	12	32	0.297709835	0.953762458
Trial4	38061.86264	22587.07741	3	45	0.078819054	1.992289625	39359.54995	17955.37824	26	23	0.660576659	1.280953244
Trial4	38733.48798	7829.804493	27	7	0.697071227	0.894019768	46087.46556	15285.81725	15	34	0.325468103	2.224284083
Trial4	40823.48242	12256.80341	17	12	0.416426992	0.979048092	54695.59036	19275.51233	12	22	0.219396114	1.141344501
Trial4	29295.05825	13240.49572	6	14	0.204812701	1.057362224	31220.14162	16310.43604	9	22	0.288275438	1.348829666
Trial4	17694.11081	11062.65074	8	9	0.452127834	0.813548236	56264.2793	15239.44167	16	20	0.284372255	1.312384038
Trial4	36998.15903	10349.129	11	14	0.29731209	1.352770847	25687.2569	13030.5446	8	24	0.31143847	1.841826319
Trial4	16499.15136	10483.1904	11	25	0.666700957	2.384770194	46783.31736	12657.71485	13	18	0.277876832	1.422057632
Trial4	32481.00571	10839.36371	18	11	0.554170033	1.014819716	41654.05637	9068.725624	11	13	0.264079923	1.433497995
Trial4	26080.07297	8485.65873	13	12	0.498464863	1.414150673	25264.14537	10116.34632	11	10	0.435399648	0.988499176
Trial4	16247.80794	5562.129481	16	8	0.984748223	1.438298052	25493.72152	9202.644431	9	21	0.353028097	2.281952775
Trial4	30743.46641	9474.269951	15	15	0.487908546	1.583235445	23715.03999	15701.30183	6	35	0.253004001	2.229114527
Trial4	24208.65	20638.64969	4	13	0.165230197	0.62988617	41696.49214	20093.65858	18	33	0.431690991	1.642309183
Trial4	17703.18131	13309.67488	1	15	0.056487022	1.12699973	43617.98528	19990.72004	17	31	0.389747484	1.550719531
Trial4	19636.17362	24218.79209	3	17	0.152779256	0.701934264	46903.02333	16832.32093	16	13	0.341129396	0.772323677
Trial4	38588.54258	13354.16342	2	14	0.051828856	1.048362189	89513.51929	20490.60778	30	32	0.335144906	1.56169111
Trial4	20672.45372	15160.52481	1	19	0.048373551	1.253254768	61157.43897	21420.71502	28	30	0.457834737	1.400513473
Trial4	17053.70848	24625.30684	1	17	0.058638272	0.690346728	52501.63903	20591.68821	15	25	0.285705366	1.214082097
Trial4	10934.47396	9343.79215	3	8	0.274361621	0.856183429	52044.92081	27340.89742	11	52	0.211355879	1.901912699
Trial4	30026.67902	24275.46148	5	10	0.166518582	0.411938616	58082.56469	14198.45778	15	21	0.258253059	1.479033873
Trial4	16560.5336	10962.96465	5	10	0.301922638	0.912162022	64044.07171	10906.24276	13	21	0.20298522	1.92550271
Trial4	23938.8018	23787.74772	0	11	0	0.46242293	29019.79131	18718.92831	16	28	0.551347866	1.495812129
