VAC1	VAC2	VAC3	VAC4	CAC1	CAC2	CAC3	CAC4	GCVC1	GCVC2	GCVC3	GCVC4	GCCC1	GCCC2	GCCC3	GCCC4	GCMVC1	GCMVC2	GCMVC3	GCMVC4	GCMCC1	GCMCC2	GCMCC3	GCMCC4	VAG1	VAG2	VAG3	VAG4	CAG1	CAG2	CAG3	CAG4	GCVCG1	GCVCG2	GCVCG3	GCVCG4	GCCG1	GCCG2	GCCG3	GCCG4	GCMVG1	GCMVG2	GCMV3	GCMV4	GCMCG1	GCMCG2	GCMCG3	GCMCG4
30917.71963	12417.65899	44155.00432	52820.51597	4411.319717	12417.65899	14936.29807	19556.98812	13	11	15	8	11	30	15	28	0.420470855	0.885835245	0.339712344	0.151456302	2.493584847	2.415914306	1.004264908	1.4317133	26562.58351	47429.4502	61719.53255	41271.49388	7808.120002	19812.73311	17105.99747	14646.45519	18	6	16	11	17	28	18	19	0.677644928	0.12650368	0.259237219	0.266527789	2.177220636	1.413232584	1.05226252	1.297242217
24915.17609	31225.29562	50386.11183	49414.27526	7131.096073	13400	13073.97162	22693.3627	12	14	8	3	11	28	19	28	0.481634164	0.448354442	0.15877391	0.060711201	1.542539869	2.089552239	1.453269179	1.233840942	13552.80427	85542.78139	52365.13837	29768.06744	10817.52306	16045.37639	11041.39193	10388.11546	17	9	30	8	26	22	16	16	1.254352949	0.105210514	0.572900233	0.268744352	2.403507703	1.371111494	1.44909266	1.540221618
22709.23968	29280.93874	26433.31657	57446.59134	6817.75687	10505.98914	8300.176307	8764.071259	6	15	11	2	8	21	5	4	0.264209638	0.512278658	0.4161415	0.034814946	1.173406467	1.998859862	0.602396843	0.456408886	16558.05403	29575.44258	52345.17565	31874.24025	8830.106801	12373.40585	11960.56831	9207.507696	12	9	19	20	21	20	14	22	0.724722844	0.30430652	0.362975189	0.627465936	2.37822718	1.616369838	1.170512942	2.389354506
27540.7626	29554.23813	52209.64554	29078.32852	6076.070427	10913.9273	11529.37127	18159.94244	7	4	11	1	5	10	7	13	0.254168706	0.135344379	0.210689038	0.034389872	0.822900271	0.916260455	0.60714499	0.7158613	23546.05845	19302.97531	41985.05899	42934.3947	7684.115503	6348.481943	9483.848921	9854.633493	8	9	13	14	17	14	17	12	0.339759625	0.466249366	0.309633958	0.326078895	2.212356125	2.205251606	1.792521174	1.217701298
14228.28311	60516.80573	16680.40147	26030.80189	5351.916768	12274.55734	11983.18767	15486.95851	5	9	7	9	8	9	10	20	0.351412743	0.148719019	0.419654168	0.345744247	1.494791557	0.733223997	0.834502494	1.291409155	32301.31638	35213.55567	53439.12267	35834.99055	6837.85873	10726.33707	7939.058192	9184.319069	19	7	19	12	11	11	24	14	0.588211322	0.198787083	0.355544759	0.334868234	1.608690737	1.025513177	3.023028604	1.524337286
62682.95818	19505.32028	28557.23172	23446.11638	4845.609922	11336.61175	14196.32437	9652.425622	26	7	6	1	8	14	8	14	0.414785785	0.358876445	0.210104399	0.042650987	1.650978954	1.234936885	0.563526149	1.450412627	25345.47354	46036.80286	29187.70638	50147.70767	7190.561107	12407.72125	12383.10585	10980.06235	20	6	12	25	14	22	13	19	0.789095535	0.13033051	0.411131997	0.498527274	1.946996874	1.773089479	1.049817401	1.730409118
44849.37735	19087.97027	40220.51079	39370.75284	7057.003194	9515.390269	27314.44126	20087.38626	22	11	14	6	11	11	29	22	0.490530779	0.576279188	0.348081109	0.152397391	1.558735301	1.156021949	1.061709435	1.095214664	23413.98705	25291.39928	57088.93938	27735.22401	4990.927583	5847.168598	20723.67602	12901.10821	29	15	19	9	16	18	28	11	1.238575896	0.593086995	0.33281403	0.324497109	3.205816902	3.07841303	1.351111645	0.85263993
38125.8782	35547.22139	33765.62564	37134.06106	8446.531145	14777.13637	13573.71703	9760.468366	8	16	13	3	6	33	17	14	0.209831232	0.450105504	0.385006934	0.080788363	0.710350782	2.233179634	1.252420392	1.434357397	14572.48814	18634.27678	50776.86588	50763.35818	5809.6574	10788.26897	6278.894754	10738.08439	16	7	16	13	16	29	13	15	1.097959377	0.375651821	0.315104127	0.256090229	2.754035031	2.688105022	2.070428078	1.396897199
40208.69709	33005.78859	46881.37869	29987.63638	6605.749171	10467.39301	15200.59225	16288.87886	6	6	8	6	3	8	19	23	0.149221448	0.181786294	0.170643446	0.200082458	0.454149851	0.764278172	1.249951297	1.412006326	35278.94128	23663.88976	43362.3632	24676.36543	9475.170214	14131.70282	8247.672648	17362.96426	17	11	22	6	30	18	19	24	0.481873871	0.464843274	0.507352422	0.243147639	3.166170034	1.273731852	2.303680179	1.382252457
30261.58789	29633.74471	24020.10305	30170.34495	7163.577215	12565.00226	9710.526086	19034.31073	16	7	8	2	4	16	8	25	0.528723081	0.236217193	0.333054358	0.06629026	0.558380245	1.273378203	0.823848258	1.313417667	19480.45922	43917.55175	36454.34875	33921.66152	7129.220116	16382.47463	8954.490785	8528.443215	8	8	18	6	21	25	20	13	0.410667937	0.182159517	0.49376825	0.176878128	2.945623737	1.526020981	2.233516174	1.524311023
31230.40715	19653.62836	36342.67045	20340.80386	7720.568959	21884.17883	13093.07189	12429.50495	9	14	8	5	10	22	7	20	0.288180681	0.712336661	0.220126917	0.245811328	1.295241329	1.005292461	0.534633893	1.609074543	24633.313	23575.04764	66258.79565	39986.35645	9310.984711	8243.209741	14787.6941	15011.23106	11	13	45	8	14	24	37	25	0.44654976	0.551430487	0.679155115	0.200068241	1.503600364	2.911487243	2.50208043	1.665419705
40899.58185	18210.52637	69958.27099	15321.58156	5635.932798	13837.17117	13605.14437	13221.06324	20	7	23	7	12	24	14	14	0.489002554	0.384393062	0.328767416	0.456871895	2.129195012	1.734458561	1.029022524	1.058916348	25118.31235	34213.07406	45796.46937	41115.63808	8123.906579	11767.93542	12028.11654	16967.43582	12	12	29	18	15	21	29	19	0.477739103	0.35074311	0.633236588	0.43778963	1.846402326	1.784510133	2.411017544	1.119792065
15781.06653	52090.92829	35592.07434	32661.1339	7443.582918	11286.44285	7084.782215	12172.08574	9	8	14	4	8	13	8	20	0.57030366	0.153577605	0.393345998	0.122469722	1.074751244	1.151824377	1.129180793	1.643103773	22918.95292	19143.67555	71767.77081	12819.95357	7853.15502	10006.2209	8574.32862	10446.55343	11	9	43	18	12	13	26	14	0.479952118	0.470129154	0.599154739	1.404061247	1.528048277	1.299191786	3.032307385	1.340154922
23901.96904	34023.21623	25588.53616	17392.57413	9164.236651	11624.86566	11561.70916	10265.30922	5	8	12	3	22	17	8	9	0.209187787	0.235133561	0.468960003	0.172487406	2.400636391	1.46238249	0.691939218	0.876739298	94302.40046	16964.21165	44231.39313	43217.7886	14084.89752	9545.266067	12717.3004	17877.88878	35	8	23	11	16	18	37	17	0.371146438	0.471581006	0.519992665	0.254524823	1.135968506	1.885751521	2.909422505	0.950895277
33950.84781	36234.89609	42462.03255	21404.5972	6185.982474	16174.08248	7832.992554	15446.72486	14	8	12	2	5	13	7	33	0.412360836	0.220781646	0.282605407	0.093437871	0.808279044	0.803755021	0.893655899	2.136375205	40214.16999	51438.12396	75381.74683	38855.44777	6668.976496	11549.86184	16228.18778	16312.61935	29	14	29	6	16	18	32	17	0.721138843	0.272171668	0.384708517	0.154418501	2.399168749	1.558460201	1.971877602	1.042137969
45218.35323	29805.33681	50333.16725	15655.87111	7536.704953	14096.58265	7407.401723	15422.61435	21	15	12	1	17	15	6	28	0.464413197	0.503265576	0.238411383	0.063873801	2.255627639	1.064087685	0.810000622	1.815515798	53428.67834	39613.07475	117493.5384	35512.26096	8026.35179	11747.37363	10050.52761	13148.60934	19	11	37	14	16	16	27	17	0.355614262	0.277686094	0.314910935	0.394230038	1.993433682	1.362006564	2.686426131	1.292912396
47584.58285	23713.20685	28383.08084	15725.44102	7451.206429	10600.31215	12546.66321	17410.13287	15	3	9	5	8	11	8	25	0.31522815	0.12651178	0.317090313	0.317956107	1.07365164	1.03770529	0.637619729	1.435945388	19807.20962	40637.45456	70435.14906	45090.15869	8540.147918	9988.163873	17652.73918	25363.22671	13	10	31	20	16	11	26	37	0.656326673	0.246078405	0.440121167	0.443555769	1.87350385	1.101303517	1.472859239	1.458804923
38033.1187	32989.22082	22813.40581	12741.48306	6596.519246	15505.56699	14883.45861	15862.30233	20	12	8	1	10	7	13	19	0.525857481	0.363755181	0.350671008	0.078483799	1.515951008	0.45145076	0.873452894	1.197808465	26304.49396	10236.22335	50408.55146	36521.15452	11060.38196	10945.52272	13287.21477	20318.76942	13	8	24	15	18	18	26	31	0.49421213	0.781538242	0.476109694	0.41072086	1.627430234	1.644508029	1.95676825	1.525682947
21354.91915	39141.85155	30465.70992	10068.01286	5825.239473	10608.96846	9214.85206	15479.9883	14	8	3	8	8	9	8	35	0.655586654	0.204384813	0.098471364	0.794595728	1.373334098	0.848338841	0.868163694	2.260983621	20034.90853	57204.52745	84456.63254	34904.29541	9487.757683	12908.6446	10964.49261	18759.58056	18	18	23	15	11	22	24	36	0.898431853	0.314660409	0.272329115	0.429746535	1.159388801	1.704284275	2.188883777	1.919019452
60842.78823	34779.56534	46399.41423	13036.62998	6691.17362	13666.1249	10748.67899	10330.35566	23	8	19	4	14	13	16	20	0.378023438	0.230020126	0.409487928	0.306827762	2.092308584	0.951257221	1.488555014	1.936041764	64553.64315	34295.04972	54084.64545	30740.25214	8265.922249	13204.74095	10449.08692	22335.71946	17	11	30	12	20	29	27	28	0.263346872	0.320746	0.554686081	0.39036765	2.419572723	2.19618091	2.583957833	1.253597407
12988.41196	32697.56125	42995.83764	20803.48894	6557.164733	7648.803372	12570.90221	19800.6812	17	4	8	2	7	10	5	18	1.308859008	0.122333283	0.186064522	0.09613772	1.067534565	1.307394048	0.397743926	0.909059634	23143.36018	22910.85735	92314.20372	42831.9744	9084.134852	8332.21554	16607.33272	17120.789	17	5	32	14	13	6	25	20	0.734551935	0.218237141	0.346642214	0.326858619	1.431066382	0.72009659	1.505359134	1.168170462
14714.14967	25449.40023	42993.05631	34680.82793	6497.846616	10839.1883	6906.450384	25673.27023	6	6	9	5	4	16	5	44	0.40777076	0.235761941	0.209336129	0.144171875	0.615588554	1.476125292	0.723960895	1.713844773	16870.70401	28394.80981	37078.46432	34723.596	9202.497361	14246.15911	15278.4322	16963.48315	18	10	15	16	19	12	28	20	1.066938285	0.352177037	0.404547499	0.460781769	2.064656935	0.842332302	1.832648771	1.179003146
21787.33332	42729.08732	54355.02902	23881.1248	10813.74213	13591.68275	17709.17116	13413.37403	11	11	16	7	9	15	19	20	0.504880512	0.257435875	0.294360987	0.293118522	0.832274331	1.103616107	1.072890415	1.491049154	30590.59625	30798.82664	79393.6326	31500.18195	8397.950319	13323.361	13246.4587	16595.59044	17	12	30	10	24	25	19	20	0.555726337	0.389625233	0.377864056	0.317458484	2.857840198	1.876403409	1.434345619	1.205139406
9323.603678	43290.02366	63513.42147	15501.93515	4161.537143	8474.660917	20532.74432	7340.034472	12	11	11	9	9	7	10	12	1.287055994	0.254100115	0.17319174	0.580572678	2.162662423	0.82599175	0.487026958	1.634869706	23515.12271	37276.80072	72560.55126	40985.96193	6008.856236	10185.18273	16366.2212	19050.45297	13	13	19	10	12	16	22	36	0.552835729	0.348742375	0.261850271	0.243985978	1.997052272	1.570909469	1.344232107	1.889718846
17051.29432	8474.660917	68164.49441	21211.88953	4119.323323	11161.48816	11760.35343	10716.28866	11	7	9	1	5	17	9	12	0.645112318	0.82599175	0.132033547	0.047143372	1.213791589	1.52309439	0.765283123	1.119790665	42305.68529	20774.51922	68671.22283	59390.7164	6552.652144	14585.04734	13345.20884	14911.2645	19	9	14	15	16	21	16	29	0.449112214	0.433223022	0.203869968	0.252564726	2.441759405	1.439830774	1.198932156	1.944838413
14824.24604	39992.38189	53896.99681	14427.864	9317.800833	13687.77216	13659.90156	13903.05878	11	6	12	2	8	11	13	22	0.74202762	0.150028573	0.222646914	0.138620658	0.858571689	0.803636989	0.951690606	1.582385599	23560.80435	26630.63131	51494.22464	30813.95321	9719.474906	23553.55477	22575.49668	13044.49743	14	5	19	19	28	14	11	15	0.594207218	0.187753716	0.368973417	0.616603779	2.880814064	0.59439011	0.487253953	1.14991015
11216.06658	31712.73839	37287.74647	32505.5477	8235.337188	13543.54407	6469.965966	21292.52333	11	3	9	7	10	11	5	29	0.980735975	0.09459921	0.241366155	0.215347856	1.214279364	0.812195091	0.772801592	1.361980426	33984.58705	21063.52138	88759.78568	53458.35028	10439.36413	9509.134729	17023.80731	19307.53056	17	9	35	13	17	14	24	13	0.500226764	0.427278983	0.394322719	0.24317997	1.628451675	1.47226855	1.409790393	0.673312414
9670.151003	38933.9327	38336.26027	32107.78837	13780.3868	14078.78124	17363.0553	14611.89245	4	5	8	6	10	19	7	35	0.413644006	0.128422681	0.208679718	0.186870548	0.725669035	1.349548635	0.403154853	2.395309172	28397.20424	46935.02098	46377.70891	23713.89083	8464.039659	12928.14329	20578.77074	19742.92622	17	16	28	11	17	15	13	21	0.598650482	0.340896833	0.603738319	0.463863146	2.008497205	1.160259417	0.631718977	1.06367211
13811.37764	43002.21058	35781.73982	19168.97149	5937.25189	11612.9139	13408.76339	20024.20783	11	8	10	3	8	19	8	25	0.796444807	0.186036948	0.279472157	0.156502919	1.347424726	1.636109608	0.596624742	1.24848884	31391.54642	33837.25712	70596.0473	40307.70437	7492.38923	33837.25712	25450.75902	33551.33109	12	12	28	12	21	18	28	32	0.38226852	0.354638674	0.396622772	0.297709835	2.80284424	0.531958011	1.100163652	0.953762458
26663.30535	30651.48002	27419.02694	38061.86264	13311.07984	8240.147129	11256.78983	22587.07741	13	11	7	3	15	13	16	45	0.487561457	0.358873372	0.255297171	0.078819054	1.126880778	1.577641733	1.421364371	1.992289625	31823.20435	58038.79672	44489.77536	39359.54995	10305.66142	12737.77571	16897.52046	17955.37824	11	13	24	26	16	17	18	23	0.345659723	0.223988103	0.539449791	0.660576659	1.552544698	1.334612918	1.065245048	1.280953244
50660.6589	70693.2451	29812.29021	38733.48798	8117.122467	15610.79065	11357.66873	7829.804493	20	16	7	27	13	14	11	7	0.394783653	0.226329969	0.234802491	0.697071227	1.601552774	0.896815563	0.968508614	0.894019768	28042.71822	43833.59264	38291.74648	46087.46556	7681.76907	11992.59625	9219.414962	15285.81725	22	10	17	15	22	12	18	34	0.784517386	0.228135533	0.443959902	0.325468103	2.863923635	1.00061736	1.952401543	2.224284083
14061.17362	38947.88356	48593.73576	40823.48242	2918.032239	12060.55623	15309.11127	12256.80341	5	17	15	17	3	3	25	12	0.355589095	0.436480713	0.308681763	0.416426992	1.028090081	0.248744746	1.633014456	0.979048092	25464.27702	34803.61284	58060.69564	54695.59036	5826.088172	11155.87125	10438.88721	19275.51233	24	16	12	12	13	10	15	22	0.942496816	0.459722388	0.206680266	0.219396114	2.231342818	0.896388976	1.436934771	1.141344501
28257.55521	47588.43732	40395.13716	29295.05825	6550.338035	15906.79571	13142.22419	13240.49572	18	11	6	6	8	14	14	14	0.636997782	0.231148586	0.14853273	0.204812701	1.221311016	0.880126976	1.065268694	1.057362224	16656.63305	41737.11123	44942.12862	31220.14162	9449.85561	12174.93141	7333.092029	16310.43604	17	17	24	9	29	9	19	22	1.020614427	0.407311371	0.5340201	0.288275438	3.068829959	0.739223877	2.590994348	1.348829666
9879.835838	21846.16604	28850.77433	17694.11081	3148.692523	9880.633279	18279.16109	11062.65074	7	13	7	8	4	12	16	9	0.708513797	0.59507009	0.242627803	0.452127834	1.270368564	1.214497053	0.875313693	0.813548236	40645.51161	31201.58232	16456.51821	56264.2793	7354.817423	8896.179737	7710.928028	15239.44167	15	9	7	16	25	5	15	20	0.369044438	0.28844691	0.425363367	0.284372255	3.399132645	0.562039004	1.945291143	1.312384038
42122.80184	17620.07147	36068.6473	36998.15903	7051.75606	13916.4097	7714.518164	10349.129	27	13	10	11	5	16	4	14	0.640983003	0.737794964	0.2772491	0.29731209	0.709043245	1.149721828	0.518502895	1.352770847	44493.17498	13151.01975	69816.15736	25687.2569	6685.545364	9170.619696	7371.548738	13030.5446	29	8	21	8	17	9	15	24	0.651785358	0.608317845	0.300789972	0.31143847	2.542799289	0.981394965	2.034850549	1.841826319
33785.05347	36388.27994	29684.41249	16499.15136	4900.819679	10513.91682	13618.04219	10483.1904	17	13	14	11	7	12	14	25	0.503181089	0.357257887	0.471627997	0.666700957	1.428332495	1.141344392	1.028047924	2.384770194	40378.51976	30392.11566	48854.73529	46783.31736	5197.808055	9665.581006	8280.415326	12657.71485	27	5	16	13	12	12	18	18	0.668672358	0.164516352	0.327501519	0.277876832	2.308665475	1.241518745	2.173804005	1.422057632
23587.12099	47548.1588	45605.97047	32481.00571	8014.269555	9487.581484	14747.46834	10839.36371	7	9	10	18	17	13	15	11	0.296772124	0.189281777	0.219269536	0.554170033	2.121216398	1.370212211	1.017123729	1.014819716	28512.75989	38726.01828	52893.76273	41654.05637	8481.413004	12668.30318	18337.47967	9068.725624	20	12	7	11	17	13	28	13	0.70144034	0.309869192	0.132340746	0.264079923	2.004382995	1.026183209	1.526927392	1.433497995
35874.7712	55699.05906	26552.92635	26080.07297	6140.591611	10245.61527	14650.60818	8485.65873	20	21	7	13	7	16	7	12	0.557494845	0.377026118	0.263624427	0.498464863	1.139955308	1.561643648	0.477795865	1.414150673	21620.14367	21066.59249	47898.7228	25264.14537	7706.780476	13183.11417	10283.63513	10116.34632	19	5	20	11	11	9	14	10	0.878810071	0.237342608	0.417547668	0.435399648	1.427314562	0.682691501	1.361386302	0.988499176
42887.90034	20924.46592	25512.6905	16247.80794	5801.334962	12755.4705	13547.43526	5562.129481	12	12	16	16	5	15	13	8	0.279799195	0.57349134	0.627138874	0.984748223	0.861870592	1.17596603	0.959591225	1.438298052	33497.41933	24016.50535	28297.01316	25493.72152	10133.46764	11914.68601	7392.391822	9202.644431	26	10	13	9	17	13	20	21	0.776179196	0.416380312	0.459412445	0.353028097	1.677609344	1.09109044	2.705484298	2.281952775
41567.71663	30599.18164	33681.54103	30743.46641	5106.650912	7859.758435	15212.20518	9474.269951	18	7	10	15	10	8	12	15	0.433028356	0.228764288	0.296898529	0.487908546	1.958230584	1.017842987	0.788840267	1.583235445	23585.11177	42078.77803	50618.36511	23715.03999	7261.802993	8135.245797	11803.04261	15701.30183	24	16	18	6	21	9	20	35	1.017591107	0.380239179	0.355602161	0.253004001	2.891843805	1.106297243	1.694478336	2.229114527
	49365.52066		24208.65		15050.09985		20638.64969		14		4		17		13		0.283598751		0.165230197		1.129560612		0.62988617				41696.49214				20093.65858				18				33				0.431690991				1.642309183
	51514.56975		17703.18131		14328.18907		13309.67488		11		1		6		15		0.213531823		0.056487022		0.418754943		1.12699973				43617.98528				19990.72004				17				31				0.389747484				1.550719531
	62561.16853		19636.17362		14037.75839		24218.79209		12		3		19		17		0.191812274		0.152779256		1.35349245		0.701934264				46903.02333				16832.32093				16				13				0.341129396				0.772323677
	53011.98765		38588.54258		22677.14266		13354.16342		14		2		26		14		0.264091211		0.051828856		1.146528925		1.048362189				89513.51929				20490.60778				30				32				0.335144906				1.56169111
	23516.48429		20672.45372		18037.62812		15160.52481		11		1		15		19		0.467756994		0.048373551		0.831594925		1.253254768				61157.43897				21420.71502				28				30				0.457834737				1.400513473
	20463.93994		17053.70848		13104.42047		24625.30684		9		1		15		17		0.439798007		0.058638272		1.144651916		0.690346728				52501.63903				20591.68821				15				25				0.285705366				1.214082097
	41517.543		10934.47396		8785.408542		9343.79215		15		3		6		8		0.361293056		0.274361621		0.682950596		0.856183429				52044.92081				27340.89742				11				52				0.211355879				1.901912699
	35780.89596		30026.67902		10240.81117		24275.46148		18		5		16		10		0.503061746		0.166518582		1.562376236		0.411938616				58082.56469				14198.45778				15				21				0.258253059				1.479033873
	57609.63209		16560.5336		18780.72459		10962.96465		15		5		13		10		0.260373126		0.301922638		0.692199065		0.912162022				64044.07171				10906.24276				13				21				0.20298522				1.92550271
	39261.28227		23938.8018		9881.094125		23787.74772		9		0		12		11		0.229233471		0		1.21444041		0.46242293				29019.79131				18718.92831				16				28				0.551347866				1.495812129
