Group	CAC	CDC	CWC	GCCC	GCMCC	CAG	CDG	CWG	GCCG	GCMCG	GCMCG
Trial1	13992.25711	268.176743	54.894829	46	3.2875325	11989.93783	193.395741	51.575482	57	4.753986286	4.753986286
Trial1	10351.27529	278.765644	26.968608	32	3.091406528	12926.66792	345.610551	38.648586	46	3.558534982	3.558534982
Trial1	9965.028374	216.114657	51.475631	30	3.010528307	10680.34567	199.148999	46.889775	51	4.775126347	4.775126347
Trial1	11397.85782	222.147782	51.637449	40	3.50943139	11067.28646	220.709845	45.645328	50	4.517819266	4.517819266
Trial1	14735.57746	302.149563	51.637449	29	1.968026029	11741.15015	252.073186	38.58337	61	5.195402427	5.195402427
Trial1	11321.29437	290.123578	35.482014	23	2.031569823	13955.23617	271.185384	50.112109	73	5.231011435	5.231011435
Trial1	16019.52638	316.051727	61.29857	22	1.373323997	14394.62479	311.617538	46.70276	69	4.79345596	4.79345596
Trial1	12129.28914	298	40.6	21	1.731346311	9671.190902	241.78503	45.013615	45	4.652994699	4.652994699
Trial1	15846.34711	272.004666	59.422394	30	1.893180794	13336.27787	289.082631	42.683941	52	3.899138914	3.899138914
Trial1	14216.21175	296.711691	42.209025	40	2.813689098	9827.103684	255.673015	39.860698	49	4.986209729	4.986209729
Trial1	14857.05029	283.546393	56.832069	53	3.567329919	19360.73436	315.89389	61.858659	63	3.254008802	3.254008802
Trial1	16221.19954	282.027201	68.197327	48	2.959090657	20396.53882	325.658196	67.039498	48	2.353340458	2.353340458
Trial1	12033.39208	270.128357	50.612177	41	3.407185582	27167.21803	414.625266	69.343613	83	3.055152718	3.055152718
Trial1	18220.09677	322.017103	59.027469	49	2.689338077	23249.97766	339.670412	74.767957	84	3.612906697	3.612906697
Trial1	13626.2625	258.779963	65.419608	42	3.082283201	19547.54999	249.409514	61.782753	55	2.81365184	2.81365184
Trial1	11588.07754	289.112203	40.544116	44	3.797006006	14905.78108	330.923105	46.44275	43	2.884786766	2.884786766
Trial1	15457.47332	349.574494	50.387556	45	2.911213176	13178.93682	283.554241	48.02109	47	3.566296785	3.566296785
Trial1	10882.45601	220.473501	49.029553	31	2.848621669	17644.60079	302.416546	55.802767	63	3.57049733	3.57049733
Trial1	15096.53896	347.206918	48.713451	53	3.510738465	12959.75797	262.479247	59.349014	55	4.243906417	4.243906417
Trial1	13179.05474	239.718852	63.429891	50	3.793898803	17079.16033	237.770208	73.587563	57	3.337400605	3.337400605
Trial1	11617.29986	332.149947	40.725536	48	4.13176905	9369.388542	251.160988	38.635149	34	3.628838728	3.628838728
Trial1	9826.8268	283.919278	33.593996	43	4.375776726	9221.954578	257.741684	35.936926	48	5.204970334	5.204970334
Trial1	11726.66733	276.356917	40.665444	34	2.899374481	9534.917132	248.405034	41.152797	40	4.195107251	4.195107251
Trial1	10811.76961	272.660368	33.363047	44	4.06963907	16308.70845	370.96936	46.070977	35	2.146092691	2.146092691
Trial1	12482.56486	276.360185	47.782593	49	3.925475296	12385.28022	343.190019	37.035465	38	3.068158275	3.068158275
Trial1	13520.26782	314.930357	51.397953	46	3.402299467	10769.344	277.512869	39.706429	38	3.528534329	3.528534329
Trial1	12467.88385	278.379658	50.589751	39	3.128036841	8663.934995	235.735786	40.794587	44	5.078523791	5.078523791
Trial1	11205.57368	287.048203	43.424708	36	3.212686921	8828.768053	236.441315	39.363173	52	5.889836463	5.889836463
Trial1	13282.27788	283.481248	37.598504	45	3.387973089	15446.66836	341.717643	41.904463	49	3.17220509	3.17220509
Trial1	13431.65526	312.966358	45.391143	34	2.531333581	11709.31082	257.222481	39.774694	51	4.35550826	4.35550826
Trial1	10920.31451	271.433425	42.551878	62	5.67749216	12194.21044	310.872749	42.550611	41	3.362251308	3.362251308
Trial1	16443.84848	307.662249	50.992897	73	4.439350077	13243.00557	302.421287	55.384006	45	3.398020166	3.398020166
Trial1	13758.64202	313.246619	39.097146	52	3.779442762	14484.58489	284.273268	50.763959	51	3.520984577	3.520984577
Trial1	13273.90288	290.893245	33.977219	63	4.746154961	18909.33329	341.31163	53.671719	55	2.908616563	2.908616563
Trial1	10389.15721	284.999958	35.478794	43	4.138930534	16560.07355	302.889831	60.571602	56	3.381627493	3.381627493
Trial1	9797.480256	280.85635	34.563936	50	5.103352974	13923.63946	276.862444	54.815299	37	2.657351198	2.657351198
Trial1	14898.95422	332.696162	46.428973	64	4.295603509	17191.76725	294.721451	70.117199	64	3.722712102	3.722712102
Trial1	12870.68764	287.7618	46.096475	51	3.96249225	18369.86244	339.715381	56.732315	50	2.721849451	2.721849451
Trial1	11703.04861	277.098086	40.83825	52	4.443286681	13663.6607	306.367766	43.563696	42	3.073846821	3.073846821
Trial1	10844.59307	218.571379	45.063862	53	4.8872281	19088.53242	411.386542	49.678046	55	2.881311082	2.881311082
Trial2	22747.30391	354.167124	75.843644	58	2.549752719	30803.82687	391.503192	68.029011	102	3.311276889	3.311276889
Trial2	17195.00678	300.122112	58.040703	59	3.431228656	32607.90231	310.699519	75.868624	61	1.87071218	1.87071218
Trial2	21265.38574	288.271738	61.389791	61	2.868511334	23223.98835	374.94902	57.109601	83	3.573890873	3.573890873
Trial2	22365.89916	397.44842	64.927257	68	3.040342778	22776.74038	446.916531	69.531745	86	3.775781721	3.775781721
Trial2	20096.50415	366.715619	58.405396	47	2.338715214	20864.06946	345.254987	57.242214	72	3.450908757	3.450908757
Trial2	21059.83352	306.014187	68.647027	61	2.896509127	21637.9487	341.427971	61.066258	76	3.51234773	3.51234773
Trial2	24642.59238	339.854741	65.730652	69	2.800030084	17367.80384	316.753874	59.764048	70	4.030446258	4.030446258
Trial2	18388.87766	277.718214	67.006025	44	2.392750706	24807.23428	306.89258	59.447202	82	3.305487386	3.305487386
Trial2	15834.07779	367.942879	50.64284	41	2.589351937	26658.81467	353.788204	62.373536	77	2.888350474	2.888350474
Trial2	19570.40233	302.165409	76.799742	66	3.372439611	20938.83002	440.230508	60.876266	86	4.107201783	4.107201783
Trial2	20326.89655	381.075739	61.581834	40	1.967836059	18041.20376	341.40147	54.589508	52	2.882291044	2.882291044
Trial2	24238.97601	483.379129	50.267038	45	1.85651407	18843.0785	455.925454	43.004002	71	3.7679618	3.7679618
Trial2	21290.08839	492.514861	43.818719	61	2.865183031	18220.17768	418.955937	41.234616	65	3.567473443	3.567473443
Trial2	25973.45499	483.765958	51.252551	60	2.310050782	20386.60065	341.145689	63.796257	72	3.531731515	3.531731515
Trial2	22632.11563	531.310729	42.374816	41	1.811584947	15785.35861	333.106051	53.293412	50	3.167492183	3.167492183
Trial2	26163.39842	497.927988	56.568297	35	1.337746704	18403.43414	385.632843	55.507295	71	3.857975607	3.857975607
Trial2	23943.35611	436.993307	54.231125	44	1.837670533	19344.96355	329.632757	61.846111	90	4.652373718	4.652373718
Trial2	29473.71581	505.209879	64.932687	65	2.205354779	15646.75591	313.88318	55.620558	59	3.770749691	3.770749691
Trial2	21169.00323	422.660835	50.101271	57	2.692616151	14021.84001	338.002519	47.393884	63	4.492990932	4.492990932
Trial2	31593.86814	501.513698	65.9327	56	1.772495845	21754.07672	498.913191	50.768243	67	3.079882491	3.079882491
Trial2	29577.43442	486.982593	67.989508	50	1.690477926	43874.03235	527.054262	84.598748	79	1.800609512	1.800609512
Trial2	17054.07366	395.765851	48.685698	29	1.700473481	31194.76	519.894712	56.730653	84	2.692759938	2.692759938
Trial2	29626.93473	483.579225	66.605843	58	1.957678056	37048.35109	578.170325	67.770189	106	2.861125985	2.861125985
Trial2	25414.58699	476.132037	50.049855	51	2.006721574	28194.38053	499.005491	64.634346	68	2.411828128	2.411828128
Trial2	25379.46792	434.433962	58.398829	45	1.773086817	33458.05788	509.040593	65.992793	83	2.480717808	2.480717808
Trial2	22801.65707	417.202727	57.698631	54	2.368248932	41915.86414	578.708167	74.748141	81	1.932442565	1.932442565
Trial2	26599.0824	482.493998	48.954661	53	1.992549939	41214.32767	555.231912	70.08796	82	1.989599361	1.989599361
Trial2	23263.4665	416.666523	61.153474	60	2.579151305	25290.86111	495.751938	55.167425	60	2.372398462	2.372398462
Trial2	24006.71255	499.278383	50.062068	47	1.957785761	33122.4854	585.055949	61.991492	59	1.781267296	1.781267296
Trial2	19942.20506	363.239193	60.644006	49	2.457100399	38144.83513	526.240647	72.109941	91	2.385644077	2.385644077
Trial2	19964.08725	353.43166	55.720151	60	3.005396603	17962.96156	341.377883	57.652312	51	2.83917548	2.83917548
Trial2	12471.55794	356.016865	32.264149	28	2.245108441	28398.1886	415.30416	74.698966	94	3.310070276	3.310070276
Trial2	12936.46081	321.951201	44.905411	45	3.478540279	29607.11661	475.387083	61.941957	71	2.39807209	2.39807209
Trial2	16481.11923	372.042899	49.537377	42	2.548370618	24849.28282	381.416201	66.24288	87	3.501107079	3.501107079
Trial2	20058.61981	393.015766	45.624722	52	2.592401695	19255.356	328.923022	58.217526	62	3.219883341	3.219883341
Trial2	19370.6468	409.581393	43.345584	44	2.271478101	21879.50792	392.700007	58.663973	72	3.290750425	3.290750425
Trial2	18596.50531	345.870044	57.806319	54	2.903771386	21429.50639	350.801641	68.282761	75	3.499847296	3.499847296
Trial2	15584.2214	357.450289	48.146486	55	3.529210641	22926.17226	318.046145	69.80433	56	2.44262319	2.44262319
Trial2	16722.44032	392.175123	47.683979	52	3.109593994	27863.7461	476.339686	57.250851	59	2.117446799	2.117446799
Trial2	21628.88758	449.771495	58.559774	46	2.126785293	23394.60794	383.889308	74.919704	68	2.906652686	2.906652686
Trial2	21266.76045	451.269905	45.316741	49	2.304065074						
Trial2	36165.07377	512.775231	72.076717	60	1.659059246						
Trial2	28913.66819	443.837323	75.964	52	1.798457382						
Trial2	27368.12927	433.807935	71.794345	63	2.301947618						
Trial2	25272.32702	435.541206	52.317388	56	2.215862432						
Trial2	21437.87669	350.164615	62.371725	51	2.378966945						
Trial2	24612.52895	406.466522	54.341481	60	2.43778281						
Trial2	40302.85591	528.813086	74.549174	77	1.910534583						
Trial2	27387.90222	403.695322	79.852029	57	2.081210877						
Trial2	14717.19716	362.271626	44.593466	33	2.242274778						
Trial3	23599.61033	391.828012	51.945205	54	2.288173374	13738.36863	328.541449	38.065478	52	3.785019997	3.785019997
Trial3	13994.00631	292.272377	48.831353	36	2.572529925	13958.48667	330.829592	43.896478	50	3.582050202	3.582050202
Trial3	12558.20006	216.993869	59.041923	36	2.86665285	14326.38158	260.328047	46.195543	40	2.792051836	2.792051836
Trial3	15737.76879	280.996186	57.137616	36	2.287490717	18598.36201	340.826152	46.674585	52	2.795945147	2.795945147
Trial3	17110.78872	291.220965	55.67893	45	2.629919681	17452.87548	332.479535	52.22849	41	2.349183093	2.349183093
Trial3	20354.30209	327.534542	64.487846	58	2.849520448	21218.67255	378.383741	48.034447	47	2.215030176	2.215030176
Trial3	14670.24611	249.94255	53.89475	35	2.385781379	18315.12943	277.396987	53.686448	43	2.347785756	2.347785756
Trial3	13979.56199	271.766303	57.678923	39	2.789786979	15442.80351	317.534219	38.190461	41	2.654958342	2.654958342
Trial3	16267.65161	248.538362	66.708934	21	1.290905443	16672.67395	152.5734	64.209345	43	2.579070407	2.579070407
Trial3	14834.41542	278.561034	65.701572	27	1.820091944	16287.98105	293.436373	61.269979	41	2.517193498	2.517193498
Trial3	16897.35393	296.09328	62.198558	48	2.840681458	21831.98173	347.628224	62.303652	74	3.389522807	3.389522807
Trial3	15924.36983	277.627278	59.320238	54	3.391029006	16167.12726	279.755715	56.357644	64	3.958650103	3.958650103
Trial3	15736.61582	213.166436	60.865645	60	3.812763856	23084.70628	366.661234	63.393129	70	3.03231062	3.03231062
Trial3	14887.86504	288.404663	53.601122	55	3.694283893	18689.94232	319.670834	63.079677	58	3.103273355	3.103273355
Trial3	13873.98693	294.520336	52.080173	32	2.306474711	18827.4855	295.052866	65.55883	67	3.558627093	3.558627093
Trial3	18649.74343	361.670971	51.954312	63	3.378062557	17756.99305	352.051052	50.238964	53	2.984739582	2.984739582
Trial3	16650.09081	305.179038	51.211418	71	4.264241008	24097.34001	385.808038	64.725586	88	3.651855349	3.651855349
Trial3	16850.0262	286.088525	59.960732	53	3.145395703	20764.81617	362.416953	52.929661	66	3.178453373	3.178453373
Trial3	15110.39436	285.106981	51.016335	53	3.507519311	24273.47981	368.704915	58.697038	74	3.048594622	3.048594622
Trial3	16326.09275	279.112537	70.909357	49	3.001330493	18368.83582	362.936356	41.839081	63	3.429721981	3.429721981
Trial3	16248.21622	305.353712	51.206566	50	3.077260872	28396.12714	417.670264	82.875655	64	2.253828477	2.253828477
Trial3	14861.2299	277.036806	51.901342	38	2.556988907	34948.15995	468.877638	87.976058	70	2.002966682	2.002966682
Trial3	10482.03329	220.31336	49.951471	27	2.575836123	23994.50028	433.861246	54.618813	52	2.167163283	2.167163283
Trial3	15694.54648	269.007909	58.439095	48	3.058387196	26950.57901	425.073355	59.497033	60	2.226297252	2.226297252
Trial3	16127.212	282.911675	52.250421	36	2.232251923	22640.11563	430.401028	52.645335	53	2.340977443	2.340977443
Trial3	13421.19333	254.075899	51.637718	26	1.937234593	22941.13016	415.009974	55.667493	70	3.05128821	3.05128821
Trial3	15826.68555	280.152218	61.918517	44	2.780114628	24646.62137	407.365792	67.614905	67	2.718425337	2.718425337
Trial3	14552.33336	295.723212	49.06802	42	2.886135093	27390.24234	428.239442	64.768565	53	1.934995658	1.934995658
Trial3	15959.39276	286.877556	50.586637	35	2.193065898	28278.2826	438.988192	63.128819	64	2.263220893	2.263220893
Trial3	14875.0757	313.364152	53.599814	47	3.159647786	29042.01943	405.60092	65.164723	78	2.685763647	2.685763647
Trial3	14544.09684	320.977059	48.964632	54	3.712846564	20171.34538	355.331442	48.945536	52	2.577914314	2.577914314
Trial3	17384.08294	391.462226	48.420019	82	4.716958628	21760.39591	331.305763	64.527108	33	1.516516526	1.516516526
Trial3	18559.18761	457.142678	41.372296	59	3.17901846	25083.58503	354.379923	75.8287	43	1.714268513	1.714268513
Trial3	22592.3523	399.218108	50.943123	43	1.903298932	22520.80697	349.117225	65.025524	54	2.397782641	2.397782641
Trial3	16648.54603	398.378783	57.92053	67	4.024375455	15136.98085	270.362923	63.829601	44	2.906788378	2.906788378
Trial3	17593.90091	425.032929	38.206079	42	2.387190891	15215.33939	299.7025	58.727523	45	2.957541652	2.957541652
Trial3	18126.92082	431.110609	43.463337	40	2.206662698	18070.42351	305.579545	65.151737	41	2.268900891	2.268900891
Trial3	23609.4473	470.482301	39.798459	63	2.668423331	12017.49647	268.979629	52.226614	45	3.744540313	3.744540313
Trial3	25739.34197	362.581684	63.437822	63	2.44761502	15906.7045	296.117378	55.779071	35	2.200330056	2.200330056
Trial3	19785.64987	440.306804	69.449013	64	3.234667571	15814.91688	278.142283	53.54784	46	2.908646334	2.908646334
Trial4	29614.02126	355.710913	82.312811	68	2.296209603	43746.54634	585.219165	79.750732	108	2.468766315	2.468766315
Trial4	20708.33888	297.500315	61.397881	50	2.414486275	22044.09194	377.578875	61.322096	75	3.402272146	3.402272146
Trial4	21869.77573	299.506966	67.690476	52	2.377710711	40287.22036	590.888175	68.909411	90	2.233959037	2.233959037
Trial4	22251.81476	338.487773	56.038592	48	2.157127431	31954.78439	402.836561	74.359033	72	2.253183721	2.253183721
Trial4	19914.43676	291.483156	66.608882	41	2.058807913	38387.72163	588.344179	59.894413	72	1.875599722	1.875599722
Trial4	25123.93415	382.832399	67.630039	48	1.91052881	24616.36348	472.671515	54.936504	60	2.437403074	2.437403074
Trial4	23042.1773	371.539435	59.354181	57	2.473724564	40361.75853	578.761887	69.645205	86	2.130729758	2.130729758
Trial4	25579.92318	300.08713	86.550258	44	1.720098989	30185.46075	442.717271	68.296465	68	2.25274017	2.25274017
Trial4	21178.38053	306.734314	73.928595	42	1.983154469	20672.8794	374.201499	61.465604	58	2.805608202	2.805608202
Trial4	16789.67653	297.142404	62.177072	43	2.561097584	25200.76746	357.874118	67.898952	50	1.98406656	1.98406656
Trial4	21925.56196	338.524369	72.436499	65	2.964576239	24250.46719	330.201302	68.888436	59	2.432942819	2.432942819
Trial4	28724.89279	388.201804	66.629094	52	1.810276556	24046.56107	347.250184	81.126178	72	2.994191136	2.994191136
Trial4	18126.38464	313.589836	60.114881	63	3.475596555	24042.60768	273.098466	85.966863	67	2.786719348	2.786719348
Trial4	16828.69637	324.059294	47.3556	27	1.60440235	19779.64846	327.931312	73.41993	57	2.881749901	2.881749901
Trial4	14863.24558	248.317408	43.787342	32	2.152961802	26597.36093	331.019765	74.565428	64	2.40625377	2.40625377
Trial4	19590.92247	420.730821	58.443803	52	2.65429053	28118.99548	330.957225	87.574273	69	2.453857217	2.453857217
Trial4	19424.95532	246.907399	63.058147	58	2.985849854	19947.70011	333.758988	65.740559	57	2.857472275	2.857472275
Trial4	23638.10617	400.38122	60.856597	47	1.988314955	23467.11153	314.945316	73.665785	56	2.386318398	2.386318398
Trial4	18280.1533	398.825998	47.59417	48	2.625798549	21848.27635	331.144235	69.812339	57	2.608901457	2.608901457
Trial4	18699.85094	319.966486	63.895551	43	2.29948357	23338.36836	226.540672	82.371572	75	3.213592264	3.213592264
Trial4	14725.47681	264.306039	57.64973	39	2.648471116	37817.45868	449.147422	80.356218	118	3.120251971	3.120251971
Trial4	16676.92744	289.46665	59.195942	45	2.698338777	25678.29941	418.700504	61.102748	63	2.4534335	2.4534335
Trial4	19212.67923	270.421774	76.52064	58	3.018839762	37316.46807	471.941977	81.465706	104	2.786973296	2.786973296
Trial4	19429.23973	240.58934	72.798949	48	2.470503255	32580.01271	436.552131	74.858482	93	2.854510857	2.854510857
Trial4	17039.41799	267.49342	62.245777	39	2.28881057	28229.29476	394.25821	70.291041	73	2.585966126	2.585966126
Trial4	18282.1298	266.454177	71.011204	51	2.789609338	28437.9309	359.251353	79.940482	97	3.410937326	3.410937326
Trial4	13953.47525	262.787373	56.167226	53	3.798336905	30198.6217	446.100944	64.746613	102	3.377637597	3.377637597
Trial4	16971.45818	239.292589	74.776477	61	3.594269824	37213.81756	517.430098	65.816514	83	2.230354353	2.230354353
Trial4	13988.81342	258.408791	56.913934	32	2.287542127	35703.12966	431.374051	76.635864	78	2.184682428	2.184682428
Trial4	16179.71388	239.88576	65.702529	38	2.348620023	29365.26992	404.080919	79.665365	82	2.792414312	2.792414312
Trial4	18397.93578	333.706875	53.378324	38	2.065449106	28784.42864	534.71272	56.742903	69	2.397129395	2.397129395
Trial4	17167.1153	259.866498	68.37675	46	2.679541624	28818.77804	504.524648	53.724851	58	2.012576658	2.012576658
Trial4	15110.4309	293.583979	51.71399	28	1.853024589	31338.4011	520.169898	58.833118	63	2.010313156	2.010313156
Trial4	18149.88352	268.453968	65.456809	52	2.86503216	29960.35652	498.469242	53.759088	57	1.902514076	1.902514076
Trial4	11179.34071	237.369956	52.954909	25	2.236267832	26855.71504	432.934114	59.433177	54	2.010745196	2.010745196
Trial4	14922.51127	278.257218	49.778319	20	1.340256987	25648.81108	438.094503	55.927107	47	1.832443611	1.832443611
Trial4	23089.82342	315.697905	70.198362	55	2.382001759	29800.49567	396.234746	70.346012	64	2.147615285	2.147615285
Trial4	17818.07966	303.239315	55.66237	34	1.908174206	23599.00875	490.367656	51.186734	41	1.737361108	1.737361108
Trial4	16752.41808	321.437522	49.049553	19	1.134164627	19529.85875	407.993719	51.823301	21	1.075276594	1.075276594
Trial4	16852.18356	277.646479	62.524364	49	2.907635074	30498.83012	538.915582	59.798728	59	1.93450043	1.93450043
Trial4	35215.3231	565.297899	58.898826	77	2.186548162	30995.3243	434.721211	92.566019	90	2.903663763	2.903663763
Trial4	31834.60634	497.654725	66.27396	68	2.136040235	34186.33982	416.828169	60.358431	85	2.486373225	2.486373225
Trial4	34523.70919	556.10689	60.608452	81	2.346213715	30662.90712	419.628528	67.753631	74	2.413339339	2.413339339
Trial4	27292.2137	564.213336	58.585668	67	2.454912626	26154.81555	388.853097	60.619811	84	3.211645666	3.211645666
Trial4	30286.1497	503.680697	66.833564	72	2.377324312	35576.26425	477.160877	69.503839	100	2.810862863	2.810862863
Trial4	28282.94255	528.248355	43.958	53	1.873921001	22130.26767	413.083212	45.874518	74	3.343836644	3.343836644
Trial4	27008.98212	533.063679	53.741162	61	2.258507919	36754.80664	451.425084	67.55232	77	2.094964089	2.094964089
Trial4	28431.90003	570.821703	53.165865	58	2.039962153	36294.21544	499.397874	64.750504	117	3.223654199	3.223654199
Trial4	27306.99861	547.963474	47.664224	53	1.940894375	25013.92519	389.885991	79.711636	77	3.078285372	3.078285372
Trial4	27647.97	575.271523	46.007015	68	2.45949341	20511.83591	314.302243	67.738309	71	3.461416146	3.461416146
